# https://onlinesequencer.net/1914040
bpm = 140
ref = 0.25
0 C5 2 0
2 E5 2 0
4 G5 2 0
6 C6 2 0
8 E6 2 0
10 G5 2 0
12 C6 2 0
14 E6 2 0
16 C5 2 0
18 E5 2 0
20 G5 2 0
22 C6 2 0
24 E6 2 0
26 G5 2 0
28 C6 2 0
30 E6 2 0
32 C5 2 0
34 D5 2 0
36 A5 2 0
38 D6 2 0
40 F6 2 0
42 A5 2 0
44 D6 2 0
46 F6 2 0
48 C5 2 0
50 D5 2 0
52 A5 2 0
54 D6 2 0
56 F6 2 0
58 A5 2 0
60 D6 2 0
62 F6 2 0
64 B4 2 0
66 D5 2 0
68 G5 2 0
70 D6 2 0
72 F6 2 0
74 G5 2 0
76 D6 2 0
78 F6 2 0
80 B4 2 0
82 D5 2 0
84 G5 2 0
86 D6 2 0
88 F6 2 0
90 G5 2 0
92 D6 2 0
94 F6 2 0
96 C5 2 0
98 E5 2 0
100 G5 2 0
102 C6 2 0
104 E6 2 0
106 G5 2 0
108 C6 2 0
110 E6 2 0
112 C5 2 0
114 E5 2 0
116 G5 2 0
118 C6 2 0
120 E6 2 0
122 G5 2 0
124 C6 2 0
126 E6 2 0
128 C5 2 0
130 E5 2 0
132 A5 2 0
134 E6 2 0
136 A6 2 0
138 A5 2 0
140 E6 2 0
142 A6 2 0
144 C5 2 0
146 E5 2 0
148 A5 2 0
150 E6 2 0
152 A6 2 0
154 A5 2 0
156 E6 2 0
158 A6 2 0
160 C5 2 0
162 D5 2 0
164 F#5 2 0
166 A5 2 0
168 D6 2 0
170 F#5 2 0
172 A5 2 0
174 D6 2 0
176 C5 2 0
178 D5 2 0
180 F#5 2 0
182 A5 2 0
184 D6 2 0
186 F#5 2 0
188 A5 2 0
190 D6 2 0
192 B4 2 0
194 D5 2 0
196 G5 2 0
198 D6 2 0
200 G6 2 0
202 G5 2 0
204 D6 2 0
206 G6 2 0
208 B4 2 0
210 D5 2 0
212 G5 2 0
214 D6 2 0
216 G6 2 0
218 G5 2 0
220 D6 2 0
222 G6 2 0
224 B4 2 0
226 C5 2 0
228 E5 2 0
230 G5 2 0
232 C6 2 0
234 E5 2 0
236 G5 2 0
238 C6 2 0
240 B4 2 0
242 C5 2 0
244 E5 2 0
246 G5 2 0
248 C6 2 0
250 E5 2 0
252 G5 2 0
254 C6 2 0
256 A4 2 0
258 C5 2 0
260 E5 2 0
262 G5 2 0
264 C6 2 0
266 E5 2 0
268 G5 2 0
270 C6 2 0
272 A4 2 0
274 C5 2 0
276 E5 2 0
278 G5 2 0
280 C6 2 0
282 E5 2 0
284 G5 2 0
286 C6 2 0
288 D4 2 0
290 A4 2 0
292 D5 2 0
294 F#5 2 0
296 C6 2 0
298 D5 2 0
300 F#5 2 0
302 C6 2 0
304 D4 2 0
306 A4 2 0
308 D5 2 0
310 F#5 2 0
312 C6 2 0
314 D5 2 0
316 F#5 2 0
318 C6 2 0
320 G4 2 0
322 B4 2 0
324 D5 2 0
326 G5 2 0
328 B5 2 0
330 D5 2 0
332 G5 2 0
334 B5 2 0
336 G4 2 0
338 B4 2 0
340 D5 2 0
342 G5 2 0
344 B5 2 0
346 D5 2 0
348 G5 2 0
350 B5 2 0
352 G4 2 0
354 A#4 2 0
356 E5 2 0
358 G5 2 0
360 C#6 2 0
362 E5 2 0
364 G5 2 0
366 C#6 2 0
368 G4 2 0
370 A#4 2 0
372 E5 2 0
374 G5 2 0
376 C#6 2 0
378 E5 2 0
380 G5 2 0
382 C#6 2 0
384 F4 2 0
386 A4 2 0
388 D5 2 0
390 A5 2 0
392 D6 2 0
394 D5 2 0
396 A5 2 0
398 D6 2 0
400 F4 2 0
402 A4 2 0
404 D5 2 0
406 A5 2 0
408 D6 2 0
410 D5 2 0
412 A5 2 0
414 D6 2 0
416 F4 2 0
418 G#4 2 0
420 D5 2 0
422 F5 2 0
424 B5 2 0
426 D5 2 0
428 F5 2 0
430 B5 2 0
432 F4 2 0
434 G#4 2 0
436 D5 2 0
438 F5 2 0
440 B5 2 0
442 D5 2 0
444 F5 2 0
446 B5 2 0
448 E4 2 0
450 G4 2 0
452 C5 2 0
454 G5 2 0
456 C6 2 0
458 C5 2 0
460 G5 2 0
462 C6 2 0
464 E4 2 0
466 G4 2 0
468 C5 2 0
470 G5 2 0
472 C6 2 0
474 C5 2 0
476 G5 2 0
478 C6 2 0
480 E4 2 0
482 F4 2 0
484 A4 2 0
486 C5 2 0
488 F5 2 0
490 A4 2 0
492 C5 2 0
494 F5 2 0
496 E4 2 0
498 F4 2 0
500 A4 2 0
502 C5 2 0
504 F5 2 0
506 A4 2 0
508 C5 2 0
510 F5 2 0
512 D4 2 0
514 F4 2 0
516 A4 2 0
518 C5 2 0
520 F5 2 0
522 A4 2 0
524 C5 2 0
526 F5 2 0
528 D4 2 0
530 F4 2 0
532 A4 2 0
534 C5 2 0
536 F5 2 0
538 A4 2 0
540 C5 2 0
542 F5 2 0
544 G3 2 0
546 D4 2 0
548 G4 2 0
550 B4 2 0
552 F5 2 0
554 G4 2 0
556 B4 2 0
558 F5 2 0
560 G3 2 0
562 D4 2 0
564 G4 2 0
566 B4 2 0
568 F5 2 0
570 G4 2 0
572 B4 2 0
574 F5 2 0
576 C4 2 0
578 E4 2 0
580 G4 2 0
582 C5 2 0
584 E5 2 0
586 G4 2 0
588 C5 2 0
590 E5 2 0
592 C4 2 0
594 E4 2 0
596 G4 2 0
598 C5 2 0
600 E5 2 0
602 G4 2 0
604 C5 2 0
606 E5 2 0
608 C4 2 0
610 G4 2 0
612 A#4 2 0
614 C5 2 0
616 E5 2 0
618 A#4 2 0
620 C5 2 0
622 E5 2 0
624 C4 2 0
626 G4 2 0
628 A#4 2 0
630 C5 2 0
632 E5 2 0
634 A#4 2 0
636 C5 2 0
638 E5 2 0
640 F3 2 0
642 F4 2 0
644 A4 2 0
646 C5 2 0
648 E5 2 0
650 A4 2 0
652 C5 2 0
654 E5 2 0
656 F3 2 0
658 F4 2 0
660 A4 2 0
662 C5 2 0
664 E5 2 0
666 A4 2 0
668 C5 2 0
670 E5 2 0
672 F#3 2 0
674 C4 2 0
676 A4 2 0
678 C5 2 0
680 D#5 2 0
682 A4 2 0
684 C5 2 0
686 D#5 2 0
688 F#3 2 0
690 C4 2 0
692 A4 2 0
694 C5 2 0
696 D#5 2 0
698 A4 2 0
700 C5 2 0
702 D#5 2 0
704 G#3 2 0
706 F4 2 0
708 B4 2 0
710 C5 2 0
712 D5 2 0
714 B4 2 0
716 C5 2 0
718 D5 2 0
720 G#3 2 0
722 F4 2 0
724 B4 2 0
726 C5 2 0
728 D5 2 0
730 B4 2 0
732 C5 2 0
734 D5 2 0
736 G3 2 0
738 F4 2 0
740 G4 2 0
742 B4 2 0
744 D5 2 0
746 G4 2 0
748 B4 2 0
750 D5 2 0
752 G3 2 0
754 F4 2 0
756 G4 2 0
758 B4 2 0
760 D5 2 0
762 G4 2 0
764 B4 2 0
766 D5 2 0
768 G3 2 0
770 E4 2 0
772 G4 2 0
774 C5 2 0
776 E5 2 0
778 G4 2 0
780 C5 2 0
782 E5 2 0
784 G3 2 0
786 E4 2 0
788 G4 2 0
790 C5 2 0
792 E5 2 0
794 G4 2 0
796 C5 2 0
798 E5 2 0
800 G3 2 0
802 D4 2 0
804 G4 2 0
806 C5 2 0
808 F5 2 0
810 G4 2 0
812 C5 2 0
814 F5 2 0
816 G3 2 0
818 D4 2 0
820 G4 2 0
822 C5 2 0
824 F5 2 0
826 G4 2 0
828 C5 2 0
830 F5 2 0
832 G3 2 0
834 D4 2 0
836 G4 2 0
838 B4 2 0
840 F5 2 0
842 G4 2 0
844 B4 2 0
846 F5 2 0
848 G3 2 0
850 D4 2 0
852 G4 2 0
854 B4 2 0
856 F5 2 0
858 G4 2 0
860 B4 2 0
862 F5 2 0
864 G3 2 0
866 D#4 2 0
868 A4 2 0
870 C5 2 0
872 F#5 2 0
874 A4 2 0
876 C5 2 0
878 F#5 2 0
880 G3 2 0
882 D#4 2 0
884 A4 2 0
886 C5 2 0
888 F#5 2 0
890 A4 2 0
892 C5 2 0
894 F#5 2 0
896 G3 2 0
898 E4 2 0
900 G4 2 0
902 C5 2 0
904 G5 2 0
906 G4 2 0
908 C5 2 0
910 G5 2 0
912 G3 2 0
914 E4 2 0
916 G4 2 0
918 C5 2 0
920 G5 2 0
922 G4 2 0
924 C5 2 0
926 G5 2 0
928 G3 2 0
930 D4 2 0
932 G4 2 0
934 C5 2 0
936 F5 2 0
938 G4 2 0
940 C5 2 0
942 F5 2 0
944 G3 2 0
946 D4 2 0
948 G4 2 0
950 C5 2 0
952 F5 2 0
954 G4 2 0
956 C5 2 0
958 F5 2 0
960 G3 2 0
962 D4 2 0
964 G4 2 0
966 B4 2 0
968 F5 2 0
970 G4 2 0
972 B4 2 0
974 F5 2 0
976 G3 2 0
978 D4 2 0
980 G4 2 0
982 B4 2 0
984 F5 2 0
986 G4 2 0
988 B4 2 0
990 F5 2 0
992 C4 2 0
994 E4 2 0
996 G4 2 0
998 C5 2 0
1000 E5 2 0
1002 G4 2.25 0
1004.25 C5 2.25 0
1006.5 E5 2.25 0
1008.75 C5 2.25 0
1011 E5 2.25 0
1013.25 G5 2.25 0
1015.5 E5 2.25 0
1017.75 G5 2.25 0
1020 B5 2.25 0
1022.25 G5 2.25 0
1024.5 E5 2.5 0
1027 B4 2 0
1029 C4 2 0
1031 D5 2 0
1033 E4 2 0
1035 E5 2 0
1037 G4 8 0
